CPLEX 20.1.0.0: optimal solution; objective 900.5793232
14 QP barrier iterations
No basis.

nu = 30.0000
ws = 4.05048 4.27696 5.15461 5.26113 
b = -9.26190
pred_train = 1 1 1 1 1 1 1 1 1 -1 -1 -1 1 -1 1 1 1 1 1 -1 -1 -1 -1 -1 -1 1 -1 1 1 -1 1 -1 -1 -1 -1 -1 -1 -1 1 1 1 1 1 1 1 1 -1 1 1 -1 1 -1 -1 1 -1 1 -1 1 -1 -1 1 1 -1 -1 -1 1 1 1 -1 1 -1 -1 1 -1 -1 -1 1 -1 1 1 1 -1 -1 1 1 1 -1 -1 1 -1 1 -1 -1 1 1 -1 -1 1 -1 1 
tr_acc = 0.94
pred_test = 1 -1 1 -1 -1 1 -1 1 -1 -1 -1 1 -1 1 1 1 1 1 1 1 -1 1 1 1 1 1 -1 -1 1 -1 -1 -1 -1 -1 1 1 1 1 -1 -1 -1 1 -1 1 -1 -1 1 -1 -1 1 -1 -1 1 -1 1 1 -1 1 1 1 -1 -1 1 -1 -1 1 1 1 -1 -1 -1 1 1 -1 1 -1 1 1 1 1 1 -1 -1 1 -1 -1 -1 -1 1 -1 1 -1 1 -1 1 1 1 1 1 -1 
te_acc = 0.90
alpha = 30.000000 0.000000 0.000000 0.000000 0.000000 0.000000 0.000000 30.000000 26.255346 0.000000 30.000000 12.274901 0.000000 0.000000 0.000000 0.000000 30.000000 30.000000 0.000000 0.000000 0.000000 0.000000 0.000000 0.000000 30.000000 0.000000 0.000000 0.000000 0.000000 30.000000 0.000000 0.000000 30.000000 30.000000 0.000000 0.000000 0.000000 0.000000 0.000000 16.046573 0.000000 30.000000 0.000000 0.000000 0.000000 30.000000 0.000000 0.000000 30.000000 0.000000 30.000000 0.000000 0.000000 0.000000 10.251835 0.000000 30.000000 30.000000 0.000000 0.000000 0.000000 30.000000 0.000000 30.000000 30.000000 0.000000 30.000000 0.000000 0.000000 0.000000 0.000000 0.000000 30.000000 0.000000 0.000000 0.000000 0.000000 0.000000 0.000000 30.000000 30.000000 30.000000 0.000000 0.000000 0.000000 0.000000 30.000000 0.000000 30.000000 0.000000 0.000000 30.000000 30.000000 30.000000 10.224818 0.000000 30.000000 0.000000 0.000000 0.000000 
