CPLEX 20.1.0.0: optimal solution; objective 900.5793235
10 separable QP barrier iterations
No basis.

nu = 30.0000
ws = 4.05048 4.27696 5.15461 5.26113 
gamma = -9.26190
pred_train = 1 1 1 1 1 1 1 1 1 -1 -1 -1 1 -1 1 1 1 1 1 -1 -1 -1 -1 -1 -1 1 -1 1 1 -1 1 -1 -1 -1 -1 -1 -1 -1 1 1 1 1 1 1 1 1 -1 1 1 -1 1 -1 -1 1 -1 1 -1 1 -1 -1 1 1 -1 -1 -1 1 1 1 -1 1 -1 -1 1 -1 -1 -1 1 -1 1 1 1 -1 -1 1 1 1 -1 -1 1 -1 1 -1 -1 1 1 -1 -1 1 -1 1 
tr_acc = 0.94
pred_test = 1 -1 1 -1 -1 1 -1 1 -1 -1 -1 1 -1 1 1 1 1 1 1 1 -1 1 1 1 1 1 -1 -1 1 -1 -1 -1 -1 -1 1 1 1 1 -1 -1 -1 1 -1 1 -1 -1 1 -1 -1 1 -1 -1 1 -1 1 1 -1 1 1 1 -1 -1 1 -1 -1 1 1 1 -1 -1 -1 1 1 -1 1 -1 1 1 1 1 1 -1 -1 1 -1 -1 -1 -1 1 -1 1 -1 1 -1 1 1 1 1 1 -1 
te_acc = 0.90
s = 0.968031 0.000000 0.000000 0.000000 0.000000 0.000000 0.000000 0.473541 0.000000 0.000000 0.858093 0.000000 0.000000 0.000000 0.000000 0.000000 0.640756 0.247342 0.000000 0.000000 0.000000 0.000000 0.000000 0.000000 0.462540 0.000000 0.000000 0.000000 0.000000 0.547019 0.000000 0.000000 2.571547 0.283506 0.000000 0.000000 0.000000 0.000000 0.000000 0.000000 0.000000 0.070504 0.000000 0.000000 0.000000 0.187587 0.000000 0.000000 0.860414 0.000000 0.784423 0.000000 0.000000 0.000000 0.000000 0.000000 0.801519 0.986002 0.000000 0.000000 0.000000 0.719211 0.000000 1.047020 0.271334 0.000000 0.549365 0.000000 0.000000 0.000000 0.000000 0.000000 3.394386 0.000000 0.000000 0.000000 0.000000 0.000000 0.000000 0.853669 1.609048 0.443965 0.000000 0.000000 0.000000 0.000000 0.269174 0.000000 6.477626 0.000000 0.000000 0.416270 0.474317 1.082556 0.000000 0.000000 0.186072 0.000000 0.000000 0.000000 
