CPLEX 20.1.0.0: optimal solution; objective 562.9430945
14 QP barrier iterations
No basis.

nu = 8.0000
ws = -1.99066 -0.99149 -0.62082 -2.66839 -2.58533 0.01345 3.67005 2.79315 -3.72649 -2.02518 -3.04801 -1.87583 -1.28582 1.00849 -0.78231 1.62851 1.27240 -0.50753 -0.97684 -0.70167 1.10770 -1.72015 -0.65292 -1.02061 0.58844 0.07415 -0.10657 -0.47347 -0.71918 -1.00679 2.89758 -0.93602 0.12215 0.42592 -1.02186 2.44280 0.87031 -0.99171 -0.83538 2.02701 0.11669 0.08463 -0.91543 -0.38360 -2.66753 -1.29248 -1.59714 -3.59527 -2.31779 1.00110 -0.80261 -0.90323 -0.17369 -0.34825 0.64188 -0.07479 0.42801 -0.47224 -0.52968 -0.12738 
b = 3.88629
pred_train = -1 -1 -1 -1 -1 -1 -1 -1 1 1 1 -1 -1 -1 1 -1 -1 -1 1 -1 -1 -1 1 1 -1 1 -1 1 1 -1 -1 1 -1 1 1 -1 1 -1 -1 1 -1 -1 1 -1 1 -1 1 -1 1 -1 1 -1 -1 -1 -1 1 -1 -1 1 -1 -1 1 1 1 -1 1 -1 -1 1 1 1 1 1 -1 -1 -1 -1 -1 1 1 -1 1 -1 1 1 -1 -1 1 -1 -1 1 1 -1 -1 -1 1 -1 1 -1 -1 -1 1 1 -1 1 1 -1 1 1 -1 -1 -1 1 1 -1 1 -1 1 -1 1 1 1 1 1 -1 -1 1 1 -1 1 -1 1 -1 -1 1 1 1 -1 -1 1 -1 -1 -1 -1 -1 -1 1 -1 -1 -1 -1 -1 -1 1 -1 1 -1 -1 1 -1 1 1 -1 -1 1 1 1 -1 1 1 1 -1 1 -1 -1 1 -1 -1 1 1 -1 1 -1 -1 1 -1 1 
tr_acc = 0.88
pred_test = 1 -1 1 1 -1 1 1 1 1 -1 -1 1 1 -1 1 -1 1 -1 1 1 -1 
te_acc = 0.81
alpha = 6.990180 0.000000 0.000000 8.000000 0.000000 8.000000 7.581962 0.000000 4.209348 0.000000 0.000000 8.000000 0.000000 0.000000 4.247440 8.000000 8.000000 0.000000 0.818467 0.000000 8.000000 0.000000 0.000000 8.000000 8.000000 8.000000 8.000000 0.000000 0.000000 1.361688 4.876073 8.000000 0.000000 8.000000 8.000000 8.000000 8.000000 0.000000 0.000000 0.000000 8.000000 0.000000 8.000000 0.000000 0.000000 0.000000 3.083599 0.000000 0.000000 1.110107 8.000000 8.000000 8.000000 0.000000 1.081388 0.000000 8.000000 0.000000 0.000000 5.290450 8.000000 0.000000 0.000000 0.000000 0.000000 0.000000 0.000000 8.000000 8.000000 0.000000 0.000000 8.000000 0.697902 0.000000 8.000000 8.000000 0.000000 0.000000 8.000000 0.000000 7.895023 4.155004 3.390794 1.131581 0.000019 0.000000 0.000000 0.000000 8.000000 8.000000 0.000000 8.000000 0.000000 0.000000 0.000000 8.000000 0.000000 0.000000 1.123912 0.000000 8.000000 7.776189 8.000000 0.000000 8.000000 8.000000 0.000000 0.000000 0.000000 2.040857 8.000000 8.000000 0.000000 0.000000 0.000000 8.000000 8.000000 0.000081 8.000000 0.000000 0.000006 0.000000 0.000000 8.000000 0.000000 8.000000 8.000000 8.000000 0.000000 8.000000 8.000000 0.000000 0.000000 5.174265 3.605546 8.000000 0.000000 0.000000 0.000000 0.000000 8.000000 0.000000 8.000000 0.664178 0.471864 0.000000 0.000000 8.000000 8.000000 0.000000 8.000000 0.000000 8.000000 0.215090 8.000000 0.039305 4.827847 8.000000 0.000000 0.000000 0.000000 8.000000 0.000000 0.000000 8.000000 8.000000 5.861239 0.000000 0.000000 0.000000 0.000000 8.000000 2.039770 0.000000 8.000000 0.000000 0.000000 8.000000 8.000000 8.000000 0.000000 8.000000 8.000000 0.000000 8.000000 0.000000 8.000000 
