CPLEX 20.1.0.0: optimal solution; objective 562.9430951
13 separable QP barrier iterations
No basis.

nu = 8
ws = -1.99065 -0.99145 -0.62084 -2.66838 -2.58531 0.01345 3.67006 2.79315 -3.72650 -2.02520 -3.04797 -1.87592 -1.28589 1.00855 -0.78239 1.62846 1.27242 -0.50752 -0.97678 -0.70165 1.10769 -1.72017 -0.65290 -1.02061 0.58838 0.07411 -0.10658 -0.47351 -0.71915 -1.00678 2.89758 -0.93597 0.12209 0.42591 -1.02182 2.44277 0.87034 -0.99176 -0.83542 2.02701 0.11667 0.08464 -0.91545 -0.38361 -2.66744 -1.29246 -1.59715 -3.59530 -2.31778 1.00110 -0.80262 -0.90323 -0.17370 -0.34825 0.64189 -0.07480 0.42801 -0.47223 -0.52968 -0.12739 
gamma = 3.88641
pred_train = -1 -1 -1 -1 -1 -1 -1 -1 1 1 1 -1 -1 -1 1 -1 -1 -1 1 -1 -1 -1 1 1 -1 1 -1 1 1 -1 -1 1 -1 1 1 -1 1 -1 -1 1 -1 -1 1 -1 1 -1 1 -1 1 -1 1 -1 -1 -1 -1 1 -1 -1 1 -1 -1 1 1 1 -1 1 -1 -1 1 1 1 1 1 -1 -1 -1 -1 -1 1 1 -1 1 -1 1 1 -1 -1 1 -1 -1 1 1 -1 -1 -1 1 -1 1 -1 -1 -1 1 1 -1 1 1 -1 1 1 -1 -1 -1 1 1 -1 1 -1 1 -1 1 1 1 1 1 -1 -1 1 1 -1 1 -1 1 -1 -1 1 1 1 -1 -1 1 -1 -1 -1 -1 -1 -1 1 -1 -1 -1 -1 -1 -1 1 -1 1 -1 -1 1 -1 1 1 -1 -1 1 1 1 -1 1 1 1 -1 1 -1 -1 1 -1 -1 1 1 -1 1 -1 -1 1 -1 1 
tr_acc = 0.88
pred_test = 1 -1 1 1 -1 1 1 1 1 -1 -1 1 1 -1 1 -1 1 -1 1 1 -1 
te_acc = 0.81
s = 0.000000 0.000000 0.000000 0.234547 0.000000 0.238764 0.000000 0.000000 0.000000 0.000000 0.000000 0.868155 0.000000 0.000000 0.000000 1.509166 0.191713 0.000000 0.000000 0.000000 1.377402 0.000000 0.000000 1.817508 0.873234 0.935781 0.556319 0.000000 0.000000 0.000000 0.000000 0.837078 0.000000 0.757486 0.196862 0.283285 1.316421 0.000000 0.000000 0.000000 1.093161 0.000000 0.513890 0.000000 0.000000 0.000000 0.000000 0.000000 0.000000 0.000000 0.517971 3.149152 1.559166 0.000000 0.000000 0.000000 0.405370 0.000000 0.000000 0.000000 0.482852 0.000000 0.000000 0.000000 0.000000 0.000000 0.000000 1.986967 1.193767 0.000000 0.000000 0.399404 0.000000 0.000000 0.084591 0.366091 0.000000 0.000000 0.118458 0.000000 0.000000 0.000000 0.000000 0.000000 0.000000 0.000000 0.000000 0.000000 0.839738 3.413602 0.000000 0.707260 0.000000 0.000000 0.000000 2.416251 0.000000 0.000000 0.000000 0.000000 1.042673 0.000000 0.797082 0.000000 0.353997 1.584046 0.000000 0.000000 0.000000 0.000000 0.341423 1.113696 0.000000 0.000000 0.000000 0.416299 0.114051 0.000000 2.602559 0.000000 0.000000 0.000000 0.000000 0.939265 0.000000 0.071622 0.017465 0.069637 0.000000 0.009275 1.156948 0.000000 0.000000 0.000000 0.000000 0.377754 0.000000 0.000000 0.000000 0.000000 0.411147 0.000000 0.439784 0.000000 0.000000 0.000000 0.000000 0.069432 0.126803 0.000000 0.447952 0.000000 0.332886 0.000000 0.889280 0.000000 0.000000 0.863401 0.000000 0.000000 0.000000 0.006114 0.000000 0.000000 1.758147 1.236354 0.000000 0.000000 0.000000 0.000000 0.000000 0.346909 0.000000 0.000000 3.879274 0.000000 0.000000 2.316893 0.262668 0.598213 0.000000 1.691194 1.540777 0.000000 1.530985 0.000000 0.268222 
